70
20
S 1 8 16
S 21 25 16
S 29 33 16 
S 29 33 16
S 39 68 16
S 10 14 13
S 32 37 13
S 44 47 13
S 54 63 13
S 1 5 10
S 24 27 11
S 48 54 11
S 64 68 11
S 35 39 10
S 1 6 8
S 24 27 8
S 44 47 8
S 55 68 8
S 1 68 4
M 23 17 18
M 23 5 11
M 31 17 18
M 43 8 14
M 48 5 8
M 54 13 15
M 54 8 11
~ 40 45 19
~ 50 54 19
~ 59 63 19
F 4 18
E 4 3
P 63 4
P 67 11   
L 27 19
| V 12 3 3
L 66 19
| V 20 3 3
L 25 11 
| V 30 3 3
L 59 16
| V 50 3 3
@ 3 8
@ 25 8
@ 45 8
@ 66 8
$ 54 4
| V 58 3 3
B 8 4
| H 6 10 17
B 16 4
| V 43 7 3
B 25 4
| V 27 10 2
B 35 4
| V 48 10 2
B 40 4
| V 64 10 2
B 45 4
| V 54 12 1



